A0A009I3Y5	sp|W7JX98|KGP_PLAFO	36.782	87	52	2	78	161	644	730	1.45e-06	48.5
A0A009I3Y5	sp|P9WI79|PKND_MYCTU	38.961	77	42	2	91	162	133	209	2.65e-06	47.8
A0A009I3Y5	sp|P54744|PKNB_MYCLE	33.333	81	48	2	88	162	130	210	5.91e-06	46.6
A0A009I3Y5	sp|P41719|PK1_NPVHZ	34.177	79	50	2	84	161	122	199	8.48e-06	45.8
A0A009I3Y5	sp|O10269|PK1_NPVOP	34.118	85	51	3	84	165	121	203	9.63e-06	45.4
A0A009I3Y5	sp|P33973|PKN1_MYXXA	32.584	89	50	2	84	162	168	256	1.65e-05	45.4
A0A009I3Y5	sp|P22612|KAPCG_HUMAN	31.206	141	85	6	87	220	158	293	1.72e-05	45.1
A0A009I3Y5	sp|P49139|MAPK2_RABIT	23.490	149	93	4	16	158	87	220	1.80e-05	45.1
A0A009I3Y5	sp|A5TY84|PKNB_MYCTA	34.146	82	47	3	88	162	130	211	3.38e-05	44.3
A0A009I3Y5	sp|Q7TSC3|NEK5_MOUSE	24.277	173	104	7	36	197	79	235	6.24e-05	43.5
A0A009I3Y5	sp|P57993|PKNG_MYCLE	31.868	91	60	2	81	171	274	362	7.38e-05	43.5
A0A009I3Y5	sp|Q1DB00|MASK_MYXXD	26.891	119	72	4	90	194	157	274	8.11e-05	43.1
A0A009I3Y5	sp|Q2QYY8|PHT1A_ORYSJ	31.429	105	50	4	129	221	783	877	8.65e-05	43.1
A0A009I3Y5	sp|O15075|DCLK1_HUMAN	29.870	77	49	1	87	158	502	578	1.23e-04	42.7
A0A009I3Y5	sp|B0BBT2|PKND_CHLTB	50.000	34	17	0	129	162	198	231	2.13e-04	42.0
A0A009I3Y5	sp|Q13237|KGP2_HUMAN	35.443	79	48	2	87	162	567	645	2.22e-04	42.0
A0A009I3Y5	sp|Q5Q0U5|SGK1_FUNHE	31.343	134	83	4	84	210	210	341	3.08e-04	41.2
A0A009I3Y5	sp|Q6TJY3|KS6B1_BOVIN	23.394	218	140	8	3	210	137	337	4.05e-04	41.2
A0A009I3Y5	sp|P67999|KS6B1_RAT	23.394	218	140	8	3	210	137	337	4.39e-04	40.8
A0A009I3Y5	sp|P27791|KAPCA_RAT	29.577	142	86	7	87	220	158	293	5.03e-04	40.4
A0A009I3Y5	sp|Q9Z2B9|KS6A4_MOUSE	33.333	117	56	6	61	162	124	233	6.00e-04	40.8
A0A009I3Y5	sp|P31938|MP2K1_MOUSE	26.772	127	75	4	36	160	146	256	6.06e-04	40.4
A0A009I3Y5	sp|Q9URT9|GSK31_SCHPO	26.994	163	89	8	54	188	104	264	6.32e-04	40.4
A0A009I3Y5	sp|P9WI82|PKNA_MYCTO	28.571	84	53	3	88	165	133	215	6.50e-04	40.4
A0A009I3Y5	sp|Q6PGN3|DCLK2_MOUSE	30.000	80	51	1	84	158	502	581	6.66e-04	40.4
A0A009I3Y5	sp|Q43531|CCAMK_LILLO	31.765	85	52	2	84	162	155	239	7.90e-04	40.0
A0A009I3Y5	sp|Q5R4K9|KPCI_PONAB	25.714	105	72	3	64	162	344	448	8.64e-04	40.0
A0A009I3Y5	sp|Q9SJ61|CDPKP_ARATH	28.421	95	59	4	76	164	238	329	8.66e-04	40.0
A0A009I3Y5	sp|Q60806|PLK3_MOUSE	27.007	137	91	4	81	210	171	305	0.001	39.7
A0A009I3Y5	sp|Q91618|PMYT1_XENLA	30.769	130	83	5	84	208	214	341	0.001	39.7
A0A009I3Y5	sp|P50488|DAF4_CAEEL	30.233	86	49	3	93	167	437	522	0.001	39.3
A0A009I3Y5	sp|Q8W4I7|CDPKD_ARATH	31.395	86	51	4	80	158	161	245	0.002	39.3
A0A009I3Y5	sp|Q9Z1J2|NEK4_MOUSE	25.294	170	96	7	6	162	50	201	0.003	38.9
A0A009I3Y5	sp|C0LGD7|Y1684_ARATH	32.927	82	40	3	94	162	747	826	0.003	38.5
A0A009I3Y5	sp|Q16644|MAPK3_HUMAN	23.649	148	93	4	16	158	101	233	0.003	38.5
A0A009I3Y5	sp|P24362|KRB2_VACCW	26.829	123	66	4	49	161	105	213	0.003	38.1
A0A009I3Y5	sp|Q8ICR0|CDPK2_PLAF7	30.488	82	48	4	87	161	183	262	0.004	38.1
A0A009I3Y5	sp|Q8GZ99|HPCA1_ARATH	33.708	89	48	4	84	162	740	827	0.004	38.1
A0A009I3Y5	sp|Q9WTQ1|KPCD1_RAT	30.769	91	55	3	81	164	697	786	0.004	38.1
A0A009I3Y5	sp|Q9LT35|NEK6_ARATH	31.579	76	49	2	87	159	119	194	0.004	37.7
A0A009I3Y5	sp|P34102|PK3_DICDI	44.118	34	19	0	129	162	667	700	0.004	38.1
A0A009I3Y5	sp|P36506|MP2K2_RAT	30.435	92	60	3	70	159	170	259	0.005	37.7
A0A009I3Y5	sp|Q15835|GRK1_HUMAN	44.118	34	19	0	129	162	354	387	0.007	37.4
A0A009I3Y5	sp|C0LGU1|Y5374_ARATH	33.735	83	45	2	93	165	752	834	0.009	37.0
A0A009PCK4	sp|W7JX98|KGP_PLAFO	36.782	87	52	2	78	161	644	730	7.89e-07	49.3
A0A009PCK4	sp|P9WI79|PKND_MYCTU	38.961	77	42	2	91	162	133	209	2.51e-06	47.8
A0A009PCK4	sp|P54744|PKNB_MYCLE	33.333	81	48	2	88	162	130	210	4.65e-06	47.0
A0A009PCK4	sp|P49139|MAPK2_RABIT	24.161	149	92	4	16	158	87	220	4.96e-06	46.6
A0A009PCK4	sp|P41719|PK1_NPVHZ	34.177	79	50	2	84	161	122	199	6.98e-06	45.8
A0A009PCK4	sp|O10269|PK1_NPVOP	34.118	85	51	3	84	165	121	203	9.11e-06	45.4
A0A009PCK4	sp|P33973|PKN1_MYXXA	32.584	89	50	2	84	162	168	256	1.65e-05	45.4
A0A009PCK4	sp|P57993|PKNG_MYCLE	27.941	136	87	4	81	214	274	400	2.58e-05	44.7
A0A009PCK4	sp|A5TY84|PKNB_MYCTA	34.146	82	47	3	88	162	130	211	2.66e-05	44.7
A0A009PCK4	sp|P22612|KAPCG_HUMAN	31.579	152	90	7	78	220	147	293	2.80e-05	44.3
A0A009PCK4	sp|P27791|KAPCA_RAT	30.282	142	85	7	87	220	158	293	8.98e-05	42.7
A0A009PCK4	sp|Q1DB00|MASK_MYXXD	29.630	81	52	2	90	165	157	237	1.04e-04	42.7
A0A009PCK4	sp|O15075|DCLK1_HUMAN	29.870	77	49	1	87	158	502	578	1.21e-04	42.7
A0A009PCK4	sp|Q2QYY8|PHT1A_ORYSJ	31.429	105	50	4	129	221	783	877	1.32e-04	42.7
A0A009PCK4	sp|Q7TSC3|NEK5_MOUSE	25.000	152	91	6	36	180	79	214	1.42e-04	42.4
A0A009PCK4	sp|B0BBT2|PKND_CHLTB	32.979	94	51	3	129	214	198	287	1.86e-04	42.4
A0A009PCK4	sp|Q5Q0U5|SGK1_FUNHE	31.343	134	83	4	84	210	210	341	2.08e-04	42.0
A0A009PCK4	sp|Q13237|KGP2_HUMAN	35.443	79	48	2	87	162	567	645	2.14e-04	42.0
A0A009PCK4	sp|Q5R4K9|KPCI_PONAB	26.667	105	71	3	64	162	344	448	2.33e-04	42.0
A0A009PCK4	sp|Q6TJY3|KS6B1_BOVIN	23.182	220	138	8	3	210	137	337	3.60e-04	41.2
A0A009PCK4	sp|P67999|KS6B1_RAT	23.182	220	138	8	3	210	137	337	3.86e-04	41.2
A0A009PCK4	sp|Q9Z2B9|KS6A4_MOUSE	34.188	117	55	6	61	162	124	233	4.40e-04	41.2
A0A009PCK4	sp|Q9SJ61|CDPKP_ARATH	28.421	95	59	4	76	164	238	329	6.36e-04	40.4
A0A009PCK4	sp|Q6PGN3|DCLK2_MOUSE	30.000	80	51	1	84	158	502	581	6.66e-04	40.4
A0A009PCK4	sp|Q9URT9|GSK31_SCHPO	26.994	163	89	8	54	188	104	264	6.73e-04	40.4
A0A009PCK4	sp|Q43531|CCAMK_LILLO	31.765	85	52	2	84	162	155	239	6.77e-04	40.4
A0A009PCK4	sp|Q16644|MAPK3_HUMAN	24.324	148	92	4	16	158	101	233	6.99e-04	40.0
A0A009PCK4	sp|P9WI82|PKNA_MYCTO	28.571	84	53	3	88	165	133	215	7.25e-04	40.0
A0A009PCK4	sp|P31938|MP2K1_MOUSE	30.208	96	63	3	67	160	163	256	0.001	39.3
A0A009PCK4	sp|P50488|DAF4_CAEEL	30.233	86	49	3	93	167	437	522	0.002	39.3
A0A009PCK4	sp|Q8GZ99|HPCA1_ARATH	34.694	98	52	5	76	162	731	827	0.002	39.3
A0A009PCK4	sp|C0LGD7|Y1684_ARATH	32.927	82	40	3	94	162	747	826	0.002	38.9
A0A009PCK4	sp|P36506|MP2K2_RAT	30.435	92	60	3	70	159	170	259	0.002	38.5
A0A009PCK4	sp|Q60806|PLK3_MOUSE	26.277	137	92	4	81	210	171	305	0.003	38.5
A0A009PCK4	sp|Q9Z1J2|NEK4_MOUSE	25.294	170	96	8	6	162	50	201	0.003	38.5
A0A009PCK4	sp|Q9WVS7|MP2K5_MOUSE	33.333	87	55	3	76	159	262	348	0.003	38.1
A0A009PCK4	sp|P24362|KRB2_VACCW	27.049	122	67	3	49	161	105	213	0.003	38.1
A0A009PCK4	sp|Q91618|PMYT1_XENLA	30.000	130	84	5	84	208	214	341	0.003	38.1
A0A009PCK4	sp|Q8ICR0|CDPK2_PLAF7	30.488	82	48	4	87	161	183	262	0.004	38.1
A0A009PCK4	sp|Q9LT35|NEK6_ARATH	31.579	76	49	2	87	159	119	194	0.004	37.7
A0A009PCK4	sp|P34102|PK3_DICDI	44.118	34	19	0	129	162	667	700	0.004	38.1
A0A009PCK4	sp|Q9WTQ1|KPCD1_RAT	30.769	91	55	3	81	164	697	786	0.005	37.7
A0A009PCK4	sp|A0A1D6E0S8|WAK17_MAIZE	27.972	143	83	6	30	165	597	726	0.006	37.7
A0A009PCK4	sp|Q15835|GRK1_HUMAN	28.571	98	65	3	129	221	354	451	0.007	37.4
A0A009PCK4	sp|C0LGU1|Y5374_ARATH	33.735	83	45	2	93	165	752	834	0.009	37.0
A0A001	sp|Q2YU20|Y1799_STAAB	27.831	521	319	14	72	572	91	574	3.61e-45	168
A0A001	sp|O07550|YHEI_BACSU	27.160	405	255	9	171	562	184	561	5.29e-37	145
A0A001	sp|Q8P8W4|MSBA_XANCP	36.100	241	146	4	331	563	332	572	3.05e-33	134
A0A001	sp|P0C087|LKB14_MANHA	24.869	571	368	15	17	564	163	695	1.46e-32	133
A0A001	sp|Q9RCG7|PAXB_PASAE	25.391	575	354	18	17	561	166	695	3.51e-32	132
A0A001	sp|Q0WML0|AB27B_ARATH	36.598	194	117	2	377	564	431	624	2.76e-30	125
A0A001	sp|P40416|ATM1_YEAST	37.321	209	121	4	373	572	465	672	1.96e-29	123
A0A001	sp|Q5X498|MSBA_LEGPA	29.787	235	158	3	343	571	341	574	2.01e-29	123
A0A001	sp|Q4FS42|MSBA_PSYA2	30.932	236	155	3	343	571	356	590	2.19e-29	123
A0A001	sp|Q10418|MESD_LEUME	25.758	462	303	11	113	561	276	710	7.66e-29	122
A0A001	sp|Q02592|HMT1_SCHPO	25.047	531	344	15	71	581	331	827	4.51e-28	119
A0A001	sp|Q5PGH0|MSBA_SALPA	31.535	241	155	4	343	573	341	581	3.51e-27	116
A0A001	sp|Q2NUA5|MSBA_SODGM	32.231	242	152	6	343	573	341	581	9.79e-27	114
A0A001	sp|Q2LVL0|MSBA_SYNAS	33.641	217	137	3	360	570	367	582	1.17e-26	114
A0A001	sp|Q83LP0|MSBA_SHIFL	30.705	241	157	4	343	573	341	581	3.20e-26	113
A0A001	sp|P59653|COMA_STRR6	23.667	469	306	10	113	562	271	706	3.58e-25	110
A0A001	sp|Q5E0F2|MSBA_ALIF1	31.120	241	156	4	343	573	341	581	1.54e-24	108
A0A001	sp|Q9NP58|ABCB6_HUMAN	27.596	337	215	7	255	583	522	837	4.13e-24	107
A0A001	sp|Q9WYC4|Y288_THEMA	21.673	526	374	11	45	561	81	577	6.33e-24	106
A0A001	sp|P44407|MSBA_HAEIN	30.126	239	159	5	331	561	333	571	8.16e-24	105
A0A001	sp|O70595|ABCB6_RAT	27.536	345	211	8	240	570	505	824	1.17e-23	106
A0A001	sp|Q5B1Q2|ATM1_EMENI	32.039	206	131	3	375	572	484	688	1.37e-23	105
A0A001	sp|Q03727|COMA_STRPN	23.241	469	308	11	113	562	271	706	2.78e-23	104
A0A001	sp|Q03024|APRD_PSEAE	38.462	234	135	4	335	562	326	556	9.62e-23	102
A0A001	sp|Q89A96|MDLB_BUCBP	20.936	406	288	9	173	571	192	571	2.91e-22	100
A0A001	sp|P23886|CYDC_ECOLI	32.143	224	146	4	344	562	339	561	7.21e-22	99.8
A0A001	sp|Q2A1U9|MSBA_FRATH	30.693	202	130	3	377	572	404	601	1.03e-21	99.4
A0A001	sp|Q28433|TAP1_GORGO	28.736	348	211	9	226	561	408	730	5.87e-21	97.4
A0A001	sp|Q13BH6|NDVA_RHOPS	32.719	217	137	5	353	562	354	568	1.21e-20	96.3
A0A001	sp|P54719|YFIC_BACSU	32.461	191	122	3	377	561	399	588	1.77e-20	95.5
A0A001	sp|P57551|MDLA_BUCAI	23.301	309	207	5	255	556	269	554	3.93e-20	94.4
A0A001	sp|P9WQJ3|FATRP_MYCTU	25.309	486	313	11	102	569	177	630	1.29e-19	92.8
A0A001	sp|P45082|CYDD_HAEIN	32.653	196	125	5	369	560	376	568	1.74e-19	92.4
A0A001	sp|Q8LPQ6|AB28B_ARATH	32.857	210	134	3	360	562	488	697	4.27e-19	91.7
A0A001	sp|Q20Z38|NDVA_RHOPB	23.539	599	378	16	1	562	13	568	2.40e-18	89.0
A0A001	sp|Q04EY4|ECFA3_OENOB	27.966	236	151	7	343	562	2	234	8.53e-18	84.3
A0A001	sp|Q88YK7|PSTB2_LACPL	30.380	237	144	9	355	573	15	248	8.78e-18	83.6
A0A001	sp|Q66D71|MODC_YERPS	37.681	207	105	9	372	565	26	221	1.29e-17	84.7
A0A001	sp|Q8R7Y5|ECFA2_CALS4	28.326	233	143	7	354	570	17	241	2.23e-17	83.2
A0A001	sp|Q5HIL5|METN1_STAAC	31.651	218	128	9	359	562	20	230	4.15e-17	83.2
A0A001	sp|Q1J982|ECFA1_STRPB	31.841	201	125	5	375	567	38	234	4.58e-17	82.0
A0A001	sp|Q8NY21|METN1_STAAW	31.651	218	128	9	359	562	20	230	4.59e-17	83.2
A0A001	sp|P44785|METN_HAEIN	32.906	234	128	9	343	562	12	230	5.35e-17	82.8
A0A001	sp|Q5X9B5|ECFA1_STRP6	31.343	201	126	5	375	567	38	234	5.57e-17	81.6
A0A001	sp|Q1JJC9|ECFA1_STRPC	31.343	201	126	5	375	567	38	234	5.78e-17	81.6
A0A001	sp|Q9FVV9|NAP5_ARATH	35.246	122	76	2	443	561	2	123	7.54e-17	82.0
A0A001	sp|P0AAH0|PSTB_ECOLI	30.833	240	139	11	336	556	5	236	8.71e-17	80.5
A0A001	sp|Q3JYF4|ECFA1_STRA1	30.660	212	125	6	358	556	21	223	1.05e-16	80.9
A0A001	sp|Q58418|PSTB_METJA	29.333	225	136	8	355	561	16	235	1.08e-16	80.1
A0A001	sp|Q8GNH6|NODI_RHIML	35.938	192	99	8	377	555	69	249	2.25e-16	80.9
A0A002	sp|Q9WYC4|Y288_THEMA	26.087	483	355	2	80	561	111	592	7.75e-68	230
A0A002	sp|P54719|YFIC_BACSU	25.229	547	400	4	8	550	51	592	7.41e-62	214
A0A002	sp|Q2YU20|Y1799_STAAB	25.953	551	387	8	19	554	27	571	3.02e-61	212
A0A002	sp|Q2LVL0|MSBA_SYNAS	25.627	558	395	8	5	553	34	580	4.62e-57	201
A0A002	sp|P9WQJ3|FATRP_MYCTU	27.743	483	340	5	76	554	150	627	2.39e-55	197
A0A002	sp|Q5PGH0|MSBA_SALPA	25.136	553	389	8	14	550	27	570	1.16e-53	191
A0A002	sp|Q2NUA5|MSBA_SODGM	26.182	550	376	11	21	556	45	578	1.30e-53	191
A0A002	sp|Q83LP0|MSBA_SHIFL	25.458	546	380	9	8	540	29	560	1.87e-53	191
A0A002	sp|P44407|MSBA_HAEIN	26.834	559	361	15	27	559	50	586	3.58e-53	190
A0A002	sp|P0C087|LKB14_MANHA	28.159	554	357	15	23	556	170	702	4.74e-53	192
A0A002	sp|Q9RCG7|PAXB_PASAE	28.391	553	357	15	23	556	173	705	2.37e-52	190
A0A002	sp|Q5E0F2|MSBA_ALIF1	25.911	494	340	6	73	551	89	571	7.85e-51	184
A0A002	sp|Q2A1U9|MSBA_FRATH	24.910	554	373	13	21	550	64	598	1.80e-50	183
A0A002	sp|Q5X498|MSBA_LEGPA	25.000	484	324	10	81	545	100	563	4.56e-50	182
A0A002	sp|O07550|YHEI_BACSU	25.941	478	340	7	81	550	93	564	6.70e-50	181
A0A002	sp|Q02592|HMT1_SCHPO	30.409	342	236	2	217	556	475	816	2.68e-49	182
A0A002	sp|P40416|ATM1_YEAST	26.170	577	374	15	11	556	115	670	4.36e-49	181
A0A002	sp|Q4FS42|MSBA_PSYA2	27.021	470	324	10	80	540	115	574	1.00e-47	175
A0A002	sp|Q20Z38|NDVA_RHOPB	28.288	555	373	8	20	558	33	578	1.27e-45	169
A0A002	sp|Q5B1Q2|ATM1_EMENI	26.250	560	373	12	11	545	132	676	2.26e-45	171
A0A002	sp|Q0WML0|AB27B_ARATH	25.767	489	349	8	61	540	132	615	7.18e-45	168
A0A002	sp|Q9NP58|ABCB6_HUMAN	31.561	301	205	1	251	550	516	816	1.45e-44	169
A0A002	sp|Q89A96|MDLB_BUCBP	20.670	537	390	11	21	540	38	555	1.24e-42	161
A0A002	sp|Q13BH6|NDVA_RHOPS	29.242	554	365	8	22	558	35	578	2.90e-42	160
A0A002	sp|Q8P8W4|MSBA_XANCP	27.778	486	339	8	76	554	98	578	6.60e-42	159
A0A002	sp|O70595|ABCB6_RAT	31.915	282	191	1	270	550	535	816	3.50e-41	159
A0A002	sp|P23886|CYDC_ECOLI	27.800	500	333	7	69	554	83	568	1.96e-38	149
A0A002	sp|Q28433|TAP1_GORGO	27.383	493	327	14	79	553	258	737	1.48e-37	148
A0A002	sp|Q10418|MESD_LEUME	24.820	556	378	13	8	545	176	709	2.53e-37	147
A0A002	sp|P59653|COMA_STRR6	23.363	565	405	10	2	554	165	713	4.58e-37	146
A0A002	sp|Q03727|COMA_STRPN	23.186	565	406	10	2	554	165	713	5.57e-37	146
A0A002	sp|Q8LPQ6|AB28B_ARATH	34.914	232	147	2	324	551	470	701	1.34e-32	133
A0A002	sp|P57551|MDLA_BUCAI	20.886	474	369	5	81	550	92	563	2.43e-30	125
A0A002	sp|P45082|CYDD_HAEIN	23.431	478	342	10	79	541	96	564	1.05e-24	108
A0A002	sp|Q8Y7R4|Y1207_LISMO	31.222	221	137	7	329	541	7	220	4.04e-23	99.4
A0A002	sp|Q03024|APRD_PSEAE	31.310	313	203	7	246	552	256	562	5.70e-23	103
A0A002	sp|Q49ZD9|ECFA2_STAS1	28.279	244	150	8	324	550	3	238	6.31e-23	99.4
A0A002	sp|Q04EY4|ECFA3_OENOB	29.218	243	144	8	324	548	3	235	1.39e-22	98.2
A0A002	sp|Q4ZV73|LOLD_PSEU2	35.371	229	123	10	324	538	9	226	6.69e-22	94.7
A0A002	sp|Q8Y454|ECFA1_LISMO	31.004	229	134	8	324	540	6	222	8.87e-22	95.5
A0A002	sp|Q71WH7|ECFA1_LISMF	31.441	229	133	8	324	540	6	222	1.10e-21	95.5
A0A002	sp|Q81IN8|METN2_BACCR	26.556	241	158	8	324	552	2	235	1.21e-21	96.7
A0A002	sp|Q5PFQ7|PHNT_SALPA	29.150	247	150	7	320	555	15	247	3.12e-21	95.9
A0A002	sp|Q8DQH4|FTSE_STRR6	28.767	219	133	6	333	539	13	220	3.94e-21	92.4
A0A002	sp|Q6GEL4|ECFA2_STAAR	27.917	240	152	9	324	548	3	236	4.25e-21	94.0
A0A002	sp|A0K5N5|METN1_BURCH	33.810	210	123	7	340	540	21	223	2.64e-20	92.8
A0A002	sp|P44785|METN_HAEIN	27.928	222	146	6	340	553	21	236	4.42e-20	92.0
A0A002	sp|Q8Z824|MACB_SALTI	29.482	251	142	9	334	560	18	257	5.69e-20	94.0
A0A002	sp|Q66CL2|MACB1_YERPS	30.380	237	136	9	324	543	5	229	6.01e-20	94.0
A0A002	sp|Q8R7Y5|ECFA2_CALS4	26.522	230	142	8	324	536	3	222	6.16e-20	90.5
A0A009HL96	sp|A0A0H2UQ68|WALR_STRPN	37.288	236	134	7	13	239	2	232	7.36e-40	137
A0A009HL96	sp|Q52990|PHOB_RHIME	36.957	230	133	6	15	239	5	227	9.88e-40	137
A0A009HL96	sp|G3XCY6|GLTR_PSEAE	33.476	233	141	7	13	237	6	232	5.67e-38	133
A0A009HL96	sp|P23620|PHOB_PSEAE	34.483	232	139	6	13	239	4	227	1.48e-37	131
A0A009HL96	sp|P0C000|ARLR_STAAM	35.135	222	134	4	15	235	4	216	1.39e-35	126
A0A009HL96	sp|Q2FH23|ARLR_STAA3	35.135	222	134	4	15	235	4	216	1.39e-35	126
A0A009HL96	sp|P45189|PHOB_HAEIN	34.188	234	132	6	15	239	5	225	2.64e-35	125
A0A009HL96	sp|P0AA17|OMPR_ECOL6	30.702	228	147	6	15	235	7	230	4.90e-35	125
A0A009HL96	sp|A0A0H3NGY1|OMPR_SALTS	30.702	228	147	6	15	235	7	230	4.90e-35	125
A0A009HL96	sp|P28257|YCF27_GALSU	32.751	229	142	5	15	235	10	234	1.53e-34	124
A0A009HL96	sp|Q9I0I1|CARR_PSEAE	31.556	225	140	6	15	236	3	216	2.76e-32	117
A0A009HL96	sp|A6WZ81|CTRA_BRUA4	33.190	232	143	6	15	242	3	226	8.97e-32	116
A0A009HL96	sp|Q5HPC3|ARLR_STAEQ	36.771	223	129	4	15	235	4	216	4.10e-31	114
A0A009HL96	sp|Q99RR6|HSSR_STAAM	31.278	227	148	3	16	241	5	224	9.65e-31	114
A0A009HL96	sp|P0A4H8|CIAR_STRR6	31.858	226	142	6	15	237	4	220	1.16e-28	108
A0A009HL96	sp|P0CAW8|CTRA_CAUVC	31.441	229	147	5	15	240	3	224	5.52e-28	106
A0A009HL96	sp|Q9KM23|VXRB_VIBCH	32.743	226	139	6	13	237	30	243	1.20e-26	103
A0A009HL96	sp|P9WGM1|PRRA_MYCTU	30.660	212	141	3	28	237	23	230	8.40e-26	100
A0A009HL96	sp|Q9AE24|RPRY_BACFR	27.632	228	158	5	15	240	10	232	1.42e-25	100
A0A009HL96	sp|Q8CQ37|GRAR_STAES	27.928	222	155	3	15	235	3	220	3.40e-25	99.4
A0A009HL96	sp|Q55890|RPAA_SYNY3	29.694	229	154	4	15	238	4	230	1.97e-24	97.8
A0A009HL96	sp|E1WA34|TCTD_SALTS	29.870	231	142	6	15	239	3	219	1.14e-23	95.1
A0A009HL96	sp|P33112|SPAR_BACIU	30.837	227	144	7	15	238	4	220	2.14e-22	91.7
A0A009HL96	sp|Q5HI09|GRAR_STAAC	26.126	222	159	3	15	235	3	220	1.65e-21	89.4
A0A009HL96	sp|Q99VW2|GRAR_STAAN	26.126	222	159	3	15	235	3	220	3.48e-21	88.6
A0A009HL96	sp|Q1XDE4|YCF29_PYRYE	30.872	149	95	2	15	155	5	153	3.11e-17	77.8
A0A009HL96	sp|P55701|Y4XI_SINFN	24.091	220	158	4	21	238	7	219	8.97e-15	71.2
A0A009HL96	sp|Q06065|ATOC_ECOLI	35.652	115	73	1	15	128	7	121	1.21e-14	72.8
A0A009HL96	sp|Q9ZM64|CHEY1_HELPJ	32.203	118	75	3	15	127	3	120	1.80e-12	62.8
A0A009HL96	sp|A1W0A5|CHEY_CAMJJ	31.356	118	76	3	15	127	3	120	5.60e-12	61.6
A0A009HL96	sp|Q6H468|ORR11_ORYSJ	30.275	109	72	2	15	119	30	138	2.56e-11	60.1
A0A009HL96	sp|Q8D5Z6|LUXQ_VIBVU	34.579	107	68	1	15	119	736	842	1.28e-10	61.2
A0A009HL96	sp|P28787|NTRC_PROHU	30.714	140	90	6	11	146	2	138	3.49e-10	59.7
A0A009HL96	sp|P58253|SP0A_CLOAB	33.058	121	76	4	15	130	8	128	7.13e-10	58.2
A0A009HL96	sp|Q92HC2|NTRXL_RICCN	31.193	109	72	2	15	120	6	114	1.54e-09	57.8
A0A009HL96	sp|P96686|YDFI_BACSU	31.034	87	60	0	42	128	33	119	2.01e-09	56.2
A0A009HL96	sp|Q9KM66|CQSS_VIBCH	29.412	119	80	1	11	125	566	684	3.56e-09	57.0
A0A009HL96	sp|A9MBQ2|DIVK_BRUC2	27.966	118	82	1	13	127	3	120	7.22e-09	52.8
A0A009HL96	sp|A5VUU3|DIVK_BRUO2	27.966	118	82	1	13	127	3	120	7.22e-09	52.8
A0A009HL96	sp|Q0AYL3|CHEB1_SYNWW	30.070	143	88	6	13	146	4	143	1.01e-08	55.1
A0A009HL96	sp|Q9HV27|CDPD2_PSEAE	30.508	118	77	3	42	155	39	155	3.88e-08	53.5
A0A009HL96	sp|P26319|FIMZ_SALTY	29.474	95	66	1	39	132	32	126	5.04e-08	52.0
A0A009HL96	sp|Q65JK6|CHEB_BACLD	35.577	104	61	3	15	113	4	106	1.20e-07	52.0
A0A009HL96	sp|Q8DVB7|LYTR_STRMU	28.662	157	88	3	55	208	47	182	1.26e-07	51.2
A0A009HL96	sp|Q12YX1|CHEB_METBU	32.500	80	52	1	42	119	33	112	1.98e-07	51.2
A0A009HL96	sp|P62598|ARR12_ARATH	27.344	128	91	1	15	140	19	146	6.97e-07	50.1
A0A009HL96	sp|Q2KCH7|CHEY_RHIEC	23.932	117	85	2	15	127	9	125	2.93e-06	45.8
A0A009HL96	sp|A2X1N2|ORR24_ORYSI	28.205	117	82	1	15	129	31	147	3.18e-06	47.8
A0A009HL96	sp|O24864|CHEV1_HELPY	26.190	126	82	4	11	127	195	318	3.63e-06	47.4
A0A009HL96	sp|Q56128|RCSC_SALTI	28.972	107	74	2	9	113	820	926	8.32e-06	46.6
A0A009HLV9	sp|P28787|NTRC_PROHU	62.527	467	164	3	1	466	15	471	0.0	596
A0A009HLV9	sp|Q06065|ATOC_ECOLI	41.336	479	237	10	1	469	16	460	2.67e-115	347
A0A009HLV9	sp|P23747|ALGB_PSEAE	40.000	360	210	3	1	359	24	378	2.56e-81	259
A0A009HLV9	sp|Q43965|MOPR_ACIGI	38.440	359	196	4	108	465	225	559	2.81e-73	241
A0A009HLV9	sp|P71229|HYFR_ECOLI	38.606	373	193	5	103	465	318	664	3.61e-73	244
A0A009HLV9	sp|Q92HC2|NTRXL_RICCN	30.957	491	295	10	1	478	15	474	8.80e-72	235
A0A009HLV9	sp|O87455|LUXO_VIBC3	39.560	364	193	5	109	465	175	518	4.48e-70	232
A0A009HLV9	sp|B4T3B0|NORR_SALNS	38.398	362	199	4	108	465	163	504	1.30e-68	228
A0A009HLV9	sp|A4STH5|NORR_AERS4	39.412	340	190	3	126	465	184	507	3.67e-68	226
A0A009HLV9	sp|B4TT16|NORR_SALSV	38.122	362	200	4	108	465	163	504	1.12e-67	225
A0A009HLV9	sp|Q3K999|SFNR_PSEPF	37.681	345	202	2	120	464	13	344	3.64e-67	220
A0A009HLV9	sp|B6I695|NORR_ECOSE	40.984	305	154	6	120	399	176	479	5.48e-66	221
A0A009HLV9	sp|Q0TEH1|NORR_ECOL5	40.656	305	155	6	120	399	176	479	8.42e-66	220
A0A009HLV9	sp|A8A3I6|NORR_ECOHS	38.244	353	185	4	120	465	176	502	1.53e-65	219
A0A009HLV9	sp|B7N6T9|NORR_ECOLU	45.455	242	129	1	120	358	176	417	1.60e-65	219
A0A009HLV9	sp|P59402|NORR_SHIFL	40.328	305	156	6	120	399	176	479	1.03e-64	217
A0A009HLV9	sp|Q9K4U8|NORR2_CUPNH	41.489	282	159	1	76	351	135	416	7.49e-63	213
A0A009HLV9	sp|Q5E3W8|NORR_ALIF1	44.118	238	133	0	121	358	183	420	2.25e-62	211
A0A009HLV9	sp|P36219|WTSA_PANSE	40.865	208	122	1	150	357	46	252	5.27e-47	165
A0A009HLV9	sp|P37931|HRPS_PSESY	41.627	209	113	3	145	349	26	229	6.55e-46	162
A0A009HLV9	sp|P37930|HRPR_PSESY	38.605	215	129	2	150	362	33	246	2.15e-43	155
A0A009HLV9	sp|P45512|DHAR_CITFR	30.530	321	181	7	152	468	351	633	1.27e-29	122
A0A009HLV9	sp|E1WA34|TCTD_SALTS	33.913	115	71	2	3	113	15	128	2.60e-13	69.3
A0A009HLV9	sp|P9WGM1|PRRA_MYCTU	31.148	122	81	2	5	124	23	143	6.32e-13	68.6
A0A009HLV9	sp|Q1XDE4|YCF29_PYRYE	27.841	176	118	5	4	171	13	187	3.11e-12	66.2
A0A009HLV9	sp|P0AA17|OMPR_ECOL6	26.744	172	109	4	1	167	16	175	7.64e-12	65.5
A0A009HLV9	sp|A0A0H3NGY1|OMPR_SALTS	26.744	172	109	4	1	167	16	175	7.64e-12	65.5
A0A009HLV9	sp|P0C000|ARLR_STAAM	36.275	102	63	2	5	106	17	116	1.64e-11	63.9
A0A009HLV9	sp|Q2FH23|ARLR_STAA3	36.275	102	63	2	5	106	17	116	1.64e-11	63.9
A0A009HLV9	sp|Q55890|RPAA_SYNY3	29.204	113	68	3	34	142	46	150	1.70e-10	61.2
A0A009HLV9	sp|P28257|YCF27_GALSU	27.027	111	80	1	1	111	19	128	2.62e-10	61.2
A0A009HLV9	sp|P0CAW8|CTRA_CAUVC	28.814	118	79	3	5	120	16	130	5.23e-10	59.7
A0A009HLV9	sp|P62598|ARR12_ARATH	36.842	95	57	2	4	96	31	124	3.71e-09	59.3
A0A009HLV9	sp|Q52990|PHOB_RHIME	30.392	102	67	2	4	102	17	117	9.57e-09	55.8
A0A009HLV9	sp|Q99RR6|HSSR_STAAM	30.612	98	66	2	9	106	21	116	2.22e-08	54.7
A0A009HLV9	sp|P45189|PHOB_HAEIN	29.245	106	72	2	11	114	24	128	2.61e-08	54.7
A0A009HLV9	sp|A0A0H2UQ68|WALR_STRPN	27.419	124	85	3	4	124	16	137	4.14e-08	54.3
A0A009HLV9	sp|Q9AE24|RPRY_BACFR	23.656	93	71	0	4	96	22	114	9.28e-08	53.1
A0A009HLV9	sp|Q0AYL3|CHEB1_SYNWW	40.278	72	40	2	22	91	38	108	1.00e-07	53.9
A0A009HLV9	sp|P33112|SPAR_BACIU	34.940	83	47	2	26	102	31	112	2.54e-07	51.6
A0A009HLV9	sp|A6UEL7|ACTR_SINMW	27.000	100	72	1	5	103	38	137	2.65e-07	51.2
A0A009HLV9	sp|A6WZ81|CTRA_BRUA4	29.661	118	78	3	5	120	16	130	2.73e-07	51.6
A0A009HLV9	sp|Q52376|GACA_PSEU2	31.532	111	72	2	16	122	30	140	3.77e-07	51.2
A0A009HLV9	sp|Q9ZWS7|ARR7_ARATH	29.197	137	74	4	2	115	36	172	5.27e-07	50.4
A0A009HLV9	sp|P23620|PHOB_PSEAE	26.733	101	72	1	1	99	15	115	5.54e-07	50.8
A0A009HLV9	sp|Q9ZM64|CHEY1_HELPJ	30.208	96	63	3	1	92	12	107	6.15e-07	48.5
A0A009HLV9	sp|A2X1N2|ORR24_ORYSI	31.579	95	62	2	4	96	43	136	1.13e-06	51.2
A0A009HLV9	sp|P55701|Y4XI_SINFN	30.435	92	60	2	16	107	28	115	1.28e-06	49.7
A0A009HLV9	sp|Q12IZ9|CHEB2_SHEDO	32.632	95	59	4	1	91	9	102	3.98e-06	48.9
A0A009HLV9	sp|Q8CQ37|GRAR_STAES	23.864	88	66	1	5	92	16	102	4.10e-06	48.1
A0A009HN45	sp|A7MSB2|RAPA_VIBC1	28.632	234	153	4	122	346	107	335	3.29e-22	103
A0A009HN45	sp|A7MSB2|RAPA_VIBC1	36.434	129	71	5	525	647	490	613	1.31e-10	65.9
A0A009HN45	sp|A1A7A6|RAPA_ECOK1	30.928	194	123	5	165	353	155	342	2.23e-19	94.4
A0A009HN45	sp|A1A7A6|RAPA_ECOK1	38.053	113	65	3	532	641	498	608	1.61e-09	62.0
A0A009HN45	sp|A7ZW09|RAPA_ECOHS	30.928	194	123	5	165	353	155	342	2.29e-19	94.4
A0A009HN45	sp|A7ZW09|RAPA_ECOHS	38.053	113	65	3	532	641	498	608	1.61e-09	62.0
A0A009HN45	sp|A0KGL5|RAPA_AERHH	31.628	215	134	7	138	346	127	334	4.73e-19	93.2
A0A009HN45	sp|A0KGL5|RAPA_AERHH	36.842	114	69	3	530	641	484	596	1.22e-07	56.2
A0A009HN45	sp|Q5PDF0|RAPA_SALPA	32.086	187	116	4	165	346	155	335	8.40e-19	92.4
A0A009HN45	sp|Q5PDF0|RAPA_SALPA	38.938	113	64	3	532	641	498	608	3.02e-10	64.7
A0A009HN45	sp|P41410|RAD54_SCHPO	23.979	563	330	25	166	682	266	776	8.53e-19	92.0
A0A009HN45	sp|B5FI41|RAPA_SALDC	32.086	187	116	4	165	346	155	335	8.91e-19	92.4
A0A009HN45	sp|B5FI41|RAPA_SALDC	38.938	113	64	3	532	641	498	608	3.15e-10	64.3
A0A009HN45	sp|B0BT63|RAPA_ACTPJ	31.771	192	117	3	165	346	153	340	1.10e-18	92.0
A0A009HN45	sp|B0BT63|RAPA_ACTPJ	33.594	128	67	6	525	641	490	610	2.16e-06	52.0
A0A009HN45	sp|Q9HYT6|RAPA_PSEAE	28.384	229	151	3	138	361	129	349	1.30e-17	88.6
A0A009HN45	sp|Q9HYT6|RAPA_PSEAE	30.556	144	95	4	539	678	490	632	3.15e-07	54.7
A0A009HN45	sp|Q0HR19|RAPA_SHESR	30.108	186	120	4	165	346	154	333	1.64e-17	88.2
A0A009HN45	sp|Q0HR19|RAPA_SHESR	23.676	321	225	8	530	844	497	803	4.87e-09	60.5
A0A009HN45	sp|Q0HMR2|RAPA_SHESM	30.108	186	120	4	165	346	154	333	1.71e-17	88.2
A0A009HN45	sp|Q0HMR2|RAPA_SHESM	23.364	321	226	8	530	844	497	803	1.11e-08	59.3
A0A009HN45	sp|Q48LP5|RAPA_PSE14	27.103	214	151	2	138	350	128	337	1.28e-16	85.1
A0A009HN45	sp|Q48LP5|RAPA_PSE14	29.801	151	93	7	539	681	488	633	4.07e-06	51.2
A0A009HN45	sp|Q3KGV8|RAPA_PSEPF	27.064	218	146	3	138	350	128	337	2.23e-16	84.3
A0A009HN45	sp|Q3KGV8|RAPA_PSEPF	24.419	344	215	17	517	844	471	785	6.89e-07	53.5
A0A009HN45	sp|O42861|FFT3_SCHPO	23.518	523	317	23	181	654	406	894	1.39e-13	75.5
A0A009HN45	sp|F4IV45|CHR10_ARATH	26.103	272	155	11	500	742	366	620	1.23e-10	65.9
A0A009HN45	sp|Q95216|HLTF_RABIT	30.986	142	89	4	519	655	831	968	2.96e-10	64.7
A0A009HN45	sp|O16102|CHD3_DROME	35.246	122	70	4	539	655	604	721	1.78e-09	62.0
A0A009HN45	sp|O16102|CHD3_DROME	23.009	226	121	7	184	372	289	498	1.66e-04	45.8
A0A009HN45	sp|P38086|RDH54_YEAST	27.439	164	109	7	495	655	643	799	4.83e-08	57.4
A0A009HN45	sp|P32863|RAD54_YEAST	24.038	312	189	13	132	413	275	568	8.01e-08	56.6
A0A009HN45	sp|P32863|RAD54_YEAST	30.645	124	76	4	526	642	658	778	1.28e-06	52.8
A0A009HN45	sp|A2XKG2|RH10_ORYSI	28.319	113	77	3	523	634	268	377	4.93e-07	53.5
A0A009HN45	sp|Q879Y6|RHLB_XYLFT	27.132	129	83	5	516	642	241	360	1.84e-06	52.0
A0A009HN45	sp|P9WH04|DEAD_MYCTO	24.260	169	119	6	524	687	238	402	2.07e-06	51.6
A0A009HN45	sp|Q4FZF3|DDX49_MOUSE	20.253	237	157	7	511	744	222	429	5.00e-06	50.4
A0A009HN45	sp|Q4I662|DBP8_GIBZE	28.070	114	77	4	531	642	364	474	5.23e-06	50.4
A0A009HN45	sp|Q41741|IF4A_MAIZE	26.389	144	90	4	541	683	280	408	9.92e-06	49.3
A0A009HN45	sp|Q40470|IF4A7_TOBAC	25.694	144	91	4	541	683	283	411	1.41e-05	48.9
A0A009HN45	sp|Q9UR24|RHP26_SCHPO	24.348	230	120	9	161	346	272	491	1.65e-05	48.9
A0A009HN45	sp|Q9UR24|RHP26_SCHPO	26.056	142	94	5	527	659	629	768	5.90e-05	47.4
A0A009HN45	sp|Q0DLB9|RH17_ORYSJ	26.316	133	81	4	526	642	312	443	2.29e-05	48.5
A0A009HN45	sp|Q6Z2Z4|IF4A3_ORYSJ	28.155	103	70	3	541	642	284	383	3.70e-05	47.4
A0A009HN45	sp|Q9VMX6|SMAL1_DROME	25.000	164	108	6	510	669	514	666	4.77e-05	47.4
A0A009HN45	sp|Q9VIF6|DDX47_DROME	23.810	147	98	7	523	667	286	420	4.80e-05	47.4
A0A009HN45	sp|Q9NXZ2|DDX43_HUMAN	28.082	146	95	6	537	676	487	628	5.85e-05	47.0
A0A009HN45	sp|Q63GX5|CSHA_BACCZ	29.487	78	53	2	566	642	267	343	7.10e-05	46.6
A0A009HN45	sp|Q81VG0|CSHA_BACAN	29.487	78	53	2	566	642	267	343	7.41e-05	46.6
A0A009HN45	sp|P05807|NTP1_VACCW	24.074	378	213	18	309	658	168	499	9.11e-05	46.6
A0A009HN45	sp|P41377|IF4A2_ARATH	25.781	128	86	4	516	642	262	381	1.03e-04	45.8
A0A009HN45	sp|Q59LU0|DBP2_CANAL	26.471	170	106	7	480	642	320	477	1.88e-04	45.4
A0A009HN45	sp|P33906|DEAD_KLEPN	27.358	106	73	4	538	642	246	348	2.10e-04	45.4
A0A009HN45	sp|Q9CWX9|DDX47_MOUSE	23.000	100	67	4	569	667	293	383	3.33e-04	44.3
A0A009HN45	sp|A6QUM7|DBP10_AJECN	30.928	97	63	3	540	635	367	460	4.34e-04	44.3
A0A009HN45	sp|Q5ZLN8|DDX55_CHICK	28.571	119	82	3	532	649	262	378	4.43e-04	44.3
A0A009HN45	sp|Q8SRB2|DBP2_ENCCU	24.419	172	116	6	503	672	306	465	4.91e-04	43.9
A0A009HN45	sp|Q9LU46|RH35_ARATH	28.758	153	91	7	537	683	397	537	5.44e-04	43.9
A0A009HN45	sp|Q6ZPL9|DDX55_MOUSE	28.972	107	75	1	538	644	268	373	5.47e-04	43.9
A0A009HN45	sp|P0CR01|RRP3_CRYNB	26.000	100	70	4	537	635	277	373	6.56e-04	43.5
A0A009HN45	sp|P0CR00|RRP3_CRYNJ	26.000	100	70	4	537	635	277	373	6.56e-04	43.5
A0A009HN45	sp|P0A4D7|CSHA_STRPN	27.848	79	55	2	565	642	265	342	6.81e-04	43.5
A0A009HN45	sp|Q4P3U9|RRP3_MYCMD	25.197	127	79	6	569	693	383	495	6.95e-04	43.5
A0A009HN45	sp|B2ZFP3|SMAL1_DANRE	27.879	165	107	7	517	678	611	766	8.01e-04	43.5
A0A009HN45	sp|Q1DI07|SUB2_COCIM	25.806	93	67	2	569	660	334	425	0.001	42.7
A0A009HQC9	sp|Q9HYT6|RAPA_PSEAE	46.362	962	478	14	1	939	3	949	0.0	803
A0A009HQC9	sp|Q0HR19|RAPA_SHESR	44.547	972	494	11	4	939	3	965	0.0	793
A0A009HQC9	sp|Q0HMR2|RAPA_SHESM	44.342	972	496	11	4	939	3	965	0.0	791
A0A009HQC9	sp|Q3KGV8|RAPA_PSEPF	45.350	957	492	13	2	939	3	947	0.0	776
A0A009HQC9	sp|Q48LP5|RAPA_PSE14	44.142	956	505	10	2	939	3	947	0.0	768
A0A009HQC9	sp|A0KGL5|RAPA_AERHH	45.228	964	488	13	4	940	3	953	0.0	766
A0A009HQC9	sp|A7ZW09|RAPA_ECOHS	42.268	970	521	11	4	940	3	966	0.0	756
A0A009HQC9	sp|A1A7A6|RAPA_ECOK1	42.165	970	522	11	4	940	3	966	0.0	756
A0A009HQC9	sp|B5FI41|RAPA_SALDC	42.268	970	521	11	4	940	3	966	0.0	753
A0A009HQC9	sp|Q5PDF0|RAPA_SALPA	42.268	970	521	11	4	940	3	966	0.0	751
A0A009HQC9	sp|A7MSB2|RAPA_VIBC1	44.043	940	476	12	4	904	3	931	0.0	748
A0A009HQC9	sp|B0BT63|RAPA_ACTPJ	40.441	952	528	9	4	921	2	948	0.0	677
A0A009HQC9	sp|O16102|CHD3_DROME	24.229	454	291	15	176	597	288	720	3.21e-10	64.3
A0A009HQC9	sp|P38086|RDH54_YEAST	23.368	475	297	18	176	599	342	800	8.46e-09	59.7
A0A009HQC9	sp|B2ZFP3|SMAL1_DANRE	22.609	460	298	15	175	621	356	770	3.08e-08	57.8
A0A009HQC9	sp|P41410|RAD54_SCHPO	23.952	167	118	3	481	639	629	794	1.98e-04	45.4
A0A009HQC9	sp|F4IV45|CHR10_ARATH	24.400	250	142	11	129	349	17	248	6.29e-04	43.9
A0A009HQC9	sp|Q9LU46|RH35_ARATH	24.167	120	86	3	459	578	379	493	7.89e-04	43.5
A0A009HQC9	sp|Q9UR24|RHP26_SCHPO	23.853	218	146	6	463	662	620	835	0.002	42.0
A0A009HQC9	sp|Q9UJV9|DDX41_HUMAN	26.050	119	83	3	459	577	414	527	0.003	41.6
A0A009HQC9	sp|P44701|SRMB_HAEIN	23.810	189	124	7	431	613	207	381	0.003	41.2
A0A009HQC9	sp|O42861|FFT3_SCHPO	27.368	95	68	1	525	619	823	916	0.005	40.8
A0A009HPM0	sp|Q5I0C3|MCCA_RAT	46.796	671	343	7	4	662	47	715	0.0	603
A0A009HPM0	sp|Q612F5|PCCA_CAEBR	40.675	681	373	9	2	656	63	738	3.29e-158	473
A0A009HPM0	sp|O27939|PYCA_METTH	50.452	442	217	2	1	442	1	440	1.49e-148	440
A0A009HPM0	sp|Q58776|CARB2_METJA	23.729	236	172	4	90	324	178	406	1.05e-08	58.5
A0A009HPM0	sp|P29337|BCCP_STRMU	40.909	66	39	0	590	655	64	129	3.40e-08	52.8
A0A009HPM0	sp|Q8REV7|PUR2_FUSNN	25.000	216	134	7	96	293	83	288	6.49e-07	52.4
A0A009HPM0	sp|P02904|BCCP_PROFR	36.923	65	41	0	590	654	57	121	8.44e-07	48.5
A0A009HPM0	sp|A5G8J7|DDL_GEOUR	25.352	142	94	5	154	291	139	272	1.01e-05	48.1
A0A009HPM0	sp|Q47AA6|DDL_DECAR	25.688	218	140	10	82	291	63	266	3.87e-05	46.2
A0A009HPM0	sp|A0QUZ7|DDL_MYCS2	26.939	245	142	10	67	291	106	333	6.23e-05	45.8
A0A009HPM0	sp|Q0VS00|DDL_ALCBS	25.668	187	114	9	112	291	101	269	9.36e-05	45.1
A0A009HPM0	sp|Q83I36|DDL_TROW8	30.612	98	63	2	99	191	117	214	9.90e-05	45.1
A0A009HPM0	sp|Q07YK6|PURT_SHEFN	26.891	238	154	12	109	342	111	332	1.20e-04	45.1
A0A009HPM0	sp|P13258|CARB_METBA	24.893	233	131	7	125	345	1	201	1.61e-04	44.7
A0A009HPM0	sp|C4K734|DDL_HAMD5	23.039	204	125	7	111	291	93	287	2.50e-04	43.9
A0A009HPM0	sp|A5U6Z2|DDL_MYCTA	28.571	161	93	6	145	291	181	333	4.41e-04	43.1
A0A009HPM0	sp|A6LQY8|DDL_CLOB8	22.907	227	156	10	70	291	52	264	4.75e-04	42.7
A0A009HPM0	sp|Q0HS20|PURT_SHESR	24.481	241	160	11	111	346	108	331	6.07e-04	42.7
A0A009HPM0	sp|Q8EBB7|PURT_SHEON	24.481	241	160	11	111	346	108	331	6.45e-04	42.7
A0A009HPM0	sp|B7GV75|DDL_ACIB3	22.831	219	147	7	82	291	66	271	7.49e-04	42.4
A0A009HPM0	sp|A2RDW0|DDL_STRPG	24.324	185	123	6	116	291	128	304	0.002	41.6
A0A009HPM0	sp|Q83MF7|DDLB_SHIFL	25.000	188	118	7	116	291	97	273	0.002	41.2
A0A009HPM0	sp|A5CW55|DDL_VESOH	24.138	203	132	7	96	291	74	261	0.003	40.4
A0A009HPM0	sp|Q8FKE3|DDLA_ECOL6	21.970	264	182	5	41	291	66	318	0.003	40.8
A0A009HPM0	sp|B4RQC3|DDL_NEIG2	23.214	224	154	9	73	291	59	269	0.003	40.4
A0A009HPM0	sp|A7FM64|DDL_YERP3	23.243	185	125	5	116	291	97	273	0.008	38.9
A0A009HPM0	sp|Q1C216|DDL_YERPA	23.243	185	125	5	116	291	97	273	0.008	38.9
A0A009HPM0	sp|A6Q6M8|DDL_SULNB	28.058	139	80	5	68	203	85	206	0.009	38.9
A0A009HPM0	sp|C4ZSG2|MDTA_ECOBW	50.000	38	19	0	626	663	89	126	0.010	38.9
A0A009HPM0	sp|P76397|MDTA_ECOLI	50.000	38	19	0	626	663	89	126	0.010	38.9
A0A009IB02	sp|P10802|ODP2_AZOVI	45.821	670	314	12	3	659	5	638	1.03e-148	445
A0A009IB02	sp|P11961|ODP2_GEOSE	33.030	439	272	5	229	659	2	426	3.59e-58	202
A0A009IB02	sp|P11961|ODP2_GEOSE	38.462	78	46	1	1	76	3	80	2.04e-06	50.8
A0A009IB02	sp|P11961|ODP2_GEOSE	33.333	108	68	2	116	220	3	109	1.30e-04	45.1
A0A009IB02	sp|Q68XI8|ODO2_RICTY	28.276	435	268	8	229	659	2	396	5.54e-40	151
A0A009IB02	sp|P22439|ODPX_BOVIN	25.490	459	288	15	230	653	57	496	5.21e-20	94.0
A0A009IB02	sp|Q9SQI8|ODP24_ARATH	28.803	309	187	11	359	653	185	474	1.73e-17	85.9
A0A009IB02	sp|P29337|BCCP_STRMU	41.379	58	34	0	244	301	72	129	8.93e-06	45.8
A0A009IB02	sp|P29337|BCCP_STRMU	37.500	56	35	0	132	187	74	129	0.001	39.7
A0A009IB02	sp|Q06881|BCCP_NOSS1	31.897	116	71	4	78	188	68	180	5.25e-04	41.6
A0A009IB02	sp|P31051|ODO2_PSEPU	46.154	39	21	0	621	659	18	56	6.60e-04	38.5
A0A009IB02	sp|P02904|BCCP_PROFR	39.655	58	35	0	130	187	65	122	0.003	38.5
A0A009IB02	sp|P02904|BCCP_PROFR	36.667	60	38	0	13	72	63	122	0.007	37.4
A0A009IB02	sp|P43874|BCCP_HAEIN	41.379	58	34	0	16	73	98	155	0.006	38.1
A0A010Q3W2	sp|O82266|SWA1_ARATH	26.742	531	353	11	11	531	20	524	1.28e-43	162
A0A010Q3W2	sp|Q7T0P4|POC1A_XENLA	32.353	204	127	5	86	287	106	300	9.27e-24	103
A0A010Q3W2	sp|Q7T0P4|POC1A_XENLA	28.986	207	94	7	123	285	59	256	1.13e-08	57.8
A0A010Q3W2	sp|P38129|TAF5_YEAST	31.579	228	137	9	76	299	519	731	6.54e-19	90.5
A0A010Q3W2	sp|Q5RE95|WDR5B_PONAB	33.333	153	93	5	135	285	93	238	1.94e-18	86.7
A0A010Q3W2	sp|Q5RE95|WDR5B_PONAB	30.935	139	91	4	64	201	149	283	1.19e-09	60.1
A0A010Q3W2	sp|Q5RE95|WDR5B_PONAB	22.727	154	111	3	49	201	92	238	1.80e-05	47.0
A0A010Q3W2	sp|Q5RE95|WDR5B_PONAB	25.893	112	73	3	93	200	221	326	1.51e-04	44.3
A0A010Q3W2	sp|D3ZW91|POC1B_RAT	28.922	204	134	5	86	287	106	300	2.45e-18	87.8
A0A010Q3W2	sp|D3ZW91|POC1B_RAT	28.095	210	98	6	120	285	56	256	1.48e-10	63.5
A0A010Q3W2	sp|D3ZW91|POC1B_RAT	26.923	182	121	6	116	294	9	181	6.84e-08	55.1
A0A010Q3W2	sp|Q6P2Y2|DAW1_XENTR	26.147	218	152	4	89	304	99	309	4.61e-17	83.6
A0A010Q3W2	sp|Q6P2Y2|DAW1_XENTR	28.467	137	91	2	64	200	285	414	2.35e-09	59.7
A0A010Q3W2	sp|Q6P2Y2|DAW1_XENTR	20.305	197	148	4	89	284	226	414	0.001	42.0
A0A010Q3W2	sp|Q2KIG2|WDR5_BOVIN	27.179	195	132	5	93	285	56	242	6.26e-17	82.4
A0A010Q3W2	sp|Q2KIG2|WDR5_BOVIN	33.094	139	88	4	64	201	153	287	7.09e-12	67.0
A0A010Q3W2	sp|Q2KIG2|WDR5_BOVIN	25.893	112	73	3	93	200	225	330	5.95e-05	45.4
A0A010Q3W2	sp|D3Z7A5|DAW1_MOUSE	26.389	216	150	4	89	302	99	307	7.62e-16	79.7
A0A010Q3W2	sp|D3Z7A5|DAW1_MOUSE	24.818	137	96	2	64	200	285	414	6.54e-09	58.2
A0A010Q3W2	sp|D3Z7A5|DAW1_MOUSE	22.995	187	133	4	103	285	194	373	9.15e-08	54.7
A0A010Q3W2	sp|D3Z7A5|DAW1_MOUSE	23.611	144	102	3	68	211	248	383	0.003	40.4
A0A010Q3W2	sp|Q8HXX0|LIS1_MACFA	28.436	211	130	6	93	286	203	409	7.88e-15	76.6
A0A010Q3W2	sp|Q8HXX0|LIS1_MACFA	26.667	165	108	5	123	284	107	261	2.55e-08	56.2
A0A010Q3W2	sp|Q8HXX0|LIS1_MACFA	30.000	110	70	3	94	203	308	410	5.28e-06	48.9
A0A010Q3W2	sp|Q9PTR5|LIS1_CHICK	28.910	211	129	6	93	286	203	409	8.31e-15	76.6
A0A010Q3W2	sp|Q9PTR5|LIS1_CHICK	26.061	165	109	5	123	284	107	261	7.51e-08	55.1
A0A010Q3W2	sp|Q9PTR5|LIS1_CHICK	30.000	110	70	3	94	203	308	410	3.99e-06	49.3
A0A010Q3W2	sp|P43034|LIS1_HUMAN	27.962	211	131	6	93	286	203	409	1.46e-14	75.9
A0A010Q3W2	sp|P43034|LIS1_HUMAN	26.061	165	109	5	123	284	107	261	4.93e-08	55.5
A0A010Q3W2	sp|P43034|LIS1_HUMAN	30.000	110	70	3	94	203	308	410	5.38e-06	48.9
A0A010Q3W2	sp|P63004|LIS1_RAT	27.962	211	131	6	93	286	203	409	1.56e-14	75.9
A0A010Q3W2	sp|P63004|LIS1_RAT	26.061	165	109	5	123	284	107	261	4.97e-08	55.5
A0A010Q3W2	sp|P63004|LIS1_RAT	30.000	110	70	3	94	203	308	410	5.38e-06	48.9
A0A010Q3W2	sp|Q4R8E7|DAW1_MACFA	24.074	216	155	4	89	302	99	307	1.39e-12	69.7
A0A010Q3W2	sp|Q4R8E7|DAW1_MACFA	27.007	137	93	3	64	200	285	414	1.97e-09	60.1
A0A010Q3W2	sp|Q4R8E7|DAW1_MACFA	23.288	146	106	2	140	285	234	373	2.14e-07	53.5
A0A010Q3W2	sp|B4J8H6|WDR48_DROGR	25.758	264	174	9	55	304	43	298	6.48e-12	68.2
A0A010Q3W2	sp|A0A1P8AW69|KTN81_ARATH	22.707	229	166	4	70	296	4	223	1.44e-11	67.4
A0A010Q3W2	sp|Q8VYZ5|PWP2_ARATH	26.396	197	134	6	93	286	400	588	1.47e-11	67.4
A0A010Q3W2	sp|B8AP31|GBB_ORYSI	28.977	176	113	2	121	286	154	327	2.44e-11	65.9
A0A010Q3W2	sp|B8AP31|GBB_ORYSI	29.193	161	96	6	140	288	221	375	1.03e-09	60.5
A0A010Q3W2	sp|Q5VQ78|COB21_ORYSJ	25.668	187	128	5	103	285	36	215	4.47e-11	65.9
A0A010Q3W2	sp|Q5VQ78|COB21_ORYSJ	31.884	69	41	1	132	200	194	256	5.04e-05	46.2
A0A010Q3W2	sp|P87053|POF1_SCHPO	29.932	147	90	4	140	285	326	460	9.42e-11	64.7
A0A010Q3W2	sp|P87053|POF1_SCHPO	30.137	146	86	5	140	284	407	537	1.44e-08	57.8
A0A010Q3W2	sp|P87053|POF1_SCHPO	27.632	152	84	5	163	307	269	401	5.11e-06	49.3
A0A010Q3W2	sp|P87053|POF1_SCHPO	25.000	140	73	5	92	222	402	518	1.77e-05	47.8
A0A010Q3W2	sp|B4GIJ0|WDR48_DROPE	24.621	264	177	9	55	304	43	298	3.10e-10	63.2
A0A010Q3W2	sp|P41811|COPB2_YEAST	24.034	233	167	6	63	291	36	262	6.75e-10	62.0
A0A010Q3W2	sp|P41811|COPB2_YEAST	26.263	99	66	3	103	201	34	125	0.002	41.6
A0A010Q3W2	sp|P0CS42|LIS1_CRYNJ	22.177	248	160	6	64	285	129	369	1.56e-09	60.5
A0A010Q3W2	sp|P0CS42|LIS1_CRYNJ	32.143	112	60	2	106	202	323	433	6.64e-07	52.0
A0A010Q3W2	sp|P93107|PF20_CHLRE	27.358	212	109	5	115	286	317	523	1.98e-09	60.5
A0A010Q3W2	sp|P93107|PF20_CHLRE	26.667	195	134	4	94	287	380	566	6.11e-09	58.9
A0A010Q3W2	sp|G5EEG7|SMU1_CAEEL	23.721	215	142	7	23	225	198	402	2.40e-09	60.1
A0A010Q3W2	sp|Q9WUC8|PLRG1_RAT	21.030	233	164	7	64	290	228	446	4.04e-09	59.3
A0A010Q3W2	sp|Q9WUC8|PLRG1_RAT	22.051	195	117	2	47	207	253	446	7.12e-05	45.8
A0A010Q3W2	sp|Q6CKE8|PRP46_KLULA	27.559	127	84	3	140	265	180	299	5.91e-09	58.5
A0A010Q3W2	sp|Q7KNS3|LIS1_DROME	24.880	209	138	6	94	286	205	410	6.08e-09	58.2
A0A010Q3W2	sp|Q7KNS3|LIS1_DROME	23.490	149	107	2	140	287	123	265	3.35e-07	52.8
A0A010Q3W2	sp|Q7KNS3|LIS1_DROME	39.062	64	33	1	140	203	354	411	7.00e-07	52.0
A0A010Q3W2	sp|B4HSL3|LIS1_DROSE	24.880	209	138	6	94	286	205	410	6.08e-09	58.2
A0A010Q3W2	sp|B4HSL3|LIS1_DROSE	23.490	149	107	2	140	287	123	265	3.35e-07	52.8
A0A010Q3W2	sp|B4HSL3|LIS1_DROSE	39.062	64	33	1	140	203	354	411	7.00e-07	52.0
A0A010Q3W2	sp|C1GB49|LIS1_PARBD	28.571	126	72	3	94	203	222	345	2.47e-08	56.6
A0A010Q3W2	sp|C1GB49|LIS1_PARBD	25.269	186	118	6	113	287	107	282	2.04e-07	53.5
A0A010Q3W2	sp|C1GB49|LIS1_PARBD	23.563	174	106	3	48	201	218	384	3.49e-05	46.6
A0A010Q3W2	sp|P54313|GBB2_RAT	25.166	151	101	4	139	285	198	340	2.68e-08	55.8
A0A010Q3W2	sp|P54313|GBB2_RAT	25.333	150	100	5	140	285	157	298	4.21e-05	45.8
A0A010Q3W2	sp|P54313|GBB2_RAT	21.081	185	130	5	104	285	41	212	1.36e-04	44.3
A0A010Q3W2	sp|Q8TEB1|DCA11_HUMAN	20.988	243	135	8	93	285	276	511	2.71e-08	56.6
A0A010Q3W2	sp|P41318|LST8_YEAST	26.667	135	94	3	187	318	4	136	3.83e-08	55.1
A0A010Q3W2	sp|P41318|LST8_YEAST	27.568	185	93	7	140	285	5	187	1.71e-06	50.1
A0A010Q3W2	sp|P41318|LST8_YEAST	22.353	255	174	10	44	285	35	278	6.54e-04	42.0
A0A010Q3W2	sp|Q9HAV0|GBB4_HUMAN	21.691	272	187	10	27	285	82	340	6.95e-08	54.7
A0A010Q3W2	sp|Q9HAV0|GBB4_HUMAN	26.000	150	101	4	140	286	157	299	6.00e-05	45.4
A0A010Q3W2	sp|Q4R4I8|COPB2_MACFA	36.232	69	38	1	132	200	194	256	9.58e-08	55.1
A0A010Q3W2	sp|Q4R4I8|COPB2_MACFA	22.297	148	107	3	58	201	72	215	3.25e-05	47.0
A0A010Q3W2	sp|G1SJB4|RACK1_RABIT	28.378	148	97	3	141	285	79	220	1.99e-07	53.1
A0A010Q3W2	sp|G1SJB4|RACK1_RABIT	25.568	176	111	6	123	287	147	313	1.27e-05	47.4
A0A010Q3W2	sp|G1SJB4|RACK1_RABIT	27.848	158	98	5	137	285	28	178	3.62e-05	46.2
A0A010Q3W2	sp|Q9ERG2|STRN3_MOUSE	24.873	197	128	6	109	295	569	755	2.12e-07	53.9
A0A010Q3W2	sp|Q9ERG2|STRN3_MOUSE	23.121	173	91	4	141	313	458	588	2.48e-04	44.3
A0A010Q3W2	sp|Q9NRL3|STRN4_HUMAN	28.272	191	116	10	106	284	525	706	3.93e-07	53.1
A0A010Q3W2	sp|D1ZEM6|LIS12_SORMK	27.119	177	111	5	123	288	122	291	4.10e-07	52.8
A0A010Q3W2	sp|D1ZEM6|LIS12_SORMK	27.545	167	86	7	94	235	230	386	6.14e-06	48.9
A0A010Q3W2	sp|D1ZEM6|LIS12_SORMK	25.904	166	101	7	64	215	147	304	1.95e-05	47.4
A0A010Q3W2	sp|Q6C709|PRP46_YARLI	23.196	194	140	4	73	265	123	308	4.39e-07	52.4
A0A010Q3W2	sp|Q6C709|PRP46_YARLI	31.707	82	55	1	96	177	230	310	2.16e-04	43.9
A0A010Q3W2	sp|O74845|HIF2_SCHPO	24.454	229	133	8	94	284	276	502	6.03e-07	52.4
A0A010Q3W2	sp|Q9NYS7|WSB2_HUMAN	25.200	250	160	10	63	297	134	371	8.66e-07	51.6
A0A010Q3W2	sp|O42478|TLE4_XENLA	23.445	209	130	7	135	331	495	685	8.92e-07	52.0
A0A010Q3W2	sp|O22785|PR19B_ARATH	29.670	182	106	5	108	279	248	417	1.22e-06	51.2
A0A010Q3W2	sp|O22785|PR19B_ARATH	27.586	145	94	5	146	285	243	381	0.002	41.6
A0A010Q3W2	sp|Q59WJ4|PFS2_CANAL	31.313	99	59	3	138	235	231	321	1.47e-06	51.2
A0A010Q3W2	sp|Q8BH57|WDR48_MOUSE	25.806	155	100	4	139	284	89	237	1.49e-06	51.2
A0A010Q3W2	sp|P36037|DOA1_YEAST	30.097	103	64	3	140	242	193	287	1.95e-06	50.8
A0A010Q3W2	sp|A0A1L8I2C5|CD20B_XENLA	22.059	272	181	13	28	285	260	514	2.08e-06	50.4
A0A010Q3W2	sp|A8XSW2|WDR48_CAEBR	23.377	154	104	4	140	285	105	252	2.08e-06	50.8
A0A010Q3W2	sp|Q5B563|SEC13_EMENI	30.508	177	88	9	140	285	28	200	2.37e-06	49.7
A0A010Q3W2	sp|B0W517|WDR12_CULQU	26.943	193	119	9	103	286	238	417	3.30e-06	49.7
A0A010Q3W2	sp|B0W517|WDR12_CULQU	25.000	128	81	6	81	204	303	419	0.003	40.0
A0A010Q8R4	sp|O74845|HIF2_SCHPO	23.372	261	166	9	443	697	270	502	8.54e-08	55.8
A0A010Q8R4	sp|O74845|HIF2_SCHPO	35.294	68	42	1	112	179	1	66	3.01e-06	50.8
A0A010Q8R4	sp|B3H5K9|NEDD1_ARATH	28.571	119	69	5	586	699	186	293	2.37e-04	44.7
